-2.5192433427569716
3.1140328541658953
-0.9590662191069916
0.5832997488670417
3.1478779458135353
-4.139900913433019
0.6228883561621509
-1.735913897893909
-1.320568100160103
1.6743910842383203
-0.10959394985156076
0.36622965389000295
0.8547780459661369
-1.7088611727859813
-2.7373151363931667
-3.9407536710940843
-1.5688749800547588
-2.1699149034192473
1.4743515700473067
8.687159961415814
-0.5647341024418024
-1.8934690955828533
-0.8678462775899527
0.009972113793672332
2.973609815486454
-0.7476103680138486
5.1691425909587645
5.402059801119673
0.5746670257804193
-0.8439260689521233
4.611802258732218
-4.161009818872474
4.316380275650085
6.938293069065228
-2.3901766473141004
-1.802196842942669
-2.0159952430576213
0.9545248499907661
7.743306493640391
-1.008580038984365
3.013495086960032
2.932825910444101
6.266522660269128
-3.066659228244169
-1.8813965183950598
-1.9474832860523184
2.3074558999205044
-3.5110199686223007
-1.6497745551269567
-0.25137102770911635
5.5692060760160835
2.130558510066829
